10.000000 10.078740 10.157480 10.236220 10.314961 10.393701 10.472441 10.551181 10.629921 10.708661 10.787402 10.866142 10.944882 11.023622 11.102362 11.181102 11.259843 11.338583 11.417323 11.496063 11.574803 11.653543 11.732283 11.811024 11.889764 11.968504 12.047244 12.125984 12.204724 12.283465 12.362205 12.440945 12.519685 12.598425 12.677165 12.755906 12.834646 12.913386 12.992126 13.070866 13.149606 13.228346 13.307087 13.385827 13.464567 13.543307 13.622047 13.700787 13.779528 13.858268 13.937008 14.015748 14.094488 14.173228 14.251969 14.330709 14.409449 14.488189 14.566929 14.645669 14.724409 14.803150 14.881890 14.960630 15.039370 15.118110 15.196850 15.275591 15.354331 15.433071 15.511811 15.590551 15.669291 15.748031 15.826772 15.905512 15.984252 16.062992 16.141732 16.220472 16.299213 16.377953 16.456693 16.535433 16.614173 16.692913 16.771654 16.850394 16.929134 17.007874 17.086614 17.165354 17.244094 17.322835 17.401575 17.480315 17.559055 17.637795 17.716535 17.795276 17.874016 17.952756 18.031496 18.110236 18.188976 18.267717 18.346457 18.425197 18.503937 18.582677 18.661417 18.740157 18.818898 18.897638 18.976378 19.055118 19.133858 19.212598 19.291339 19.370079 19.448819 19.527559 19.606299 19.685039 19.763780 19.842520 19.921260 20.000000
10.078740 10.157478 10.236216 10.314955 10.393693 10.472431 10.551169 10.629907 10.708646 10.787384 10.866122 10.944860 11.023598 11.102337 11.181075 11.259813 11.338552 11.417290 11.496028 11.574767 11.653505 11.732243 11.810982 11.889720 11.968459 12.047197 12.125936 12.204674 12.283413 12.362152 12.440890 12.519629 12.598368 12.677106 12.755845 12.834584 12.913323 12.992062 13.070801 13.149540 13.228279 13.307018 13.385757 13.464496 13.543235 13.621975 13.700714 13.779453 13.858193 13.936932 14.015672 14.094411 14.173151 14.251890 14.330630 14.409370 14.488110 14.566849 14.645589 14.724329 14.803069 14.881809 14.960549 15.039289 15.118029 15.196770 15.275510 15.354250 15.432991 15.511731 15.590471 15.669212 15.747952 15.826693 15.905434 15.984174 16.062915 16.141656 16.220397 16.299138 16.377879 16.456620 16.535361 16.614102 16.692843 16.771584 16.850325 16.929066 17.007808 17.086549 17.165290 17.244032 17.322773 17.401515 17.480256 17.558998 17.637739 17.716481 17.795222 17.873964 17.952706 18.031448 18.110189 18.188931 18.267673 18.346415 18.425157 18.503899 18.582641 18.661383 18.740124 18.818866 18.897608 18.976351 19.055093 19.133835 19.212577 19.291319 19.370061 19.448803 19.527545 19.606287 19.685029 19.763772 19.842514 19.921256 19.999998 20.078740
10.157480 10.236216 10.314953 10.393689 10.472425 10.551161 10.629897 10.708634 10.787370 10.866106 10.944842 11.023579 11.102315 11.181051 11.259788 11.338524 11.417261 11.495997 11.574734 11.653470 11.732207 11.810943 11.889680 11.968417 12.047154 12.125891 12.204627 12.283364 12.362102 12.440839 12.519576 12.598313 12.677050 12.755788 12.834525 12.913263 12.992000 13.070738 13.149476 13.228214 13.306952 13.385690 13.464428 13.543166 13.621904 13.700642 13.779381 13.858119 13.936858 14.015597 14.094336 14.173074 14.251813 14.330552 14.409292 14.488031 14.566770 14.645510 14.724249 14.802989 14.881729 14.960469 15.039209 15.117949 15.196689 15.275429 15.354169 15.432910 15.511650 15.590391 15.669132 15.747873 15.826614 15.905355 15.984096 16.062837 16.141578 16.220320 16.299061 16.377803 16.456545 16.535286 16.614028 16.692770 16.771512 16.850254 16.928997 17.007739 17.086481 17.165224 17.243966 17.322709 17.401452 17.480195 17.558937 17.637680 17.716423 17.795166 17.873910 17.952653 18.031396 18.110139 18.188883 18.267626 18.346370 18.425113 18.503857 18.582600 18.661344 18.740088 18.818832 18.897575 18.976319 19.055063 19.133807 19.212551 19.291295 19.370039 19.448783 19.527527 19.606271 19.685015 19.763760 19.842504 19.921248 19.999992 20.078736 20.157480
10.236220 10.314955 10.393689 10.472423 10.551157 10.629891 10.708626 10.787360 10.866094 10.944828 11.023563 11.102297 11.181031 11.259766 11.338500 11.417235 11.495970 11.574704 11.653439 11.732174 11.810909 11.889643 11.968378 12.047114 12.125849 12.204584 12.283319 12.362055 12.440790 12.519526 12.598261 12.676997 12.755733 12.834469 12.913205 12.991941 13.070678 13.149414 13.228151 13.306887 13.385624 13.464361 13.543098 13.621835 13.700573 13.779310 13.858048 13.936785 14.015523 14.094261 14.172999 14.251738 14.330476 14.409215 14.487953 14.566692 14.645431 14.724170 14.802910 14.881649 14.960389 15.039128 15.117868 15.196608 15.275348 15.354089 15.432829 15.511570 15.590310 15.669051 15.747792 15.826534 15.905275 15.984016 16.062758 16.141500 16.220242 16.298984 16.377726 16.456468 16.535211 16.613953 16.692696 16.771439 16.850182 16.928925 17.007668 17.086412 17.165155 17.243899 17.322643 17.401386 17.480130 17.558875 17.637619 17.716363 17.795107 17.873852 17.952597 18.031341 18.110086 18.188831 18.267576 18.346321 18.425066 18.503812 18.582557 18.661302 18.740048 18.818793 18.897539 18.976285 19.055030 19.133776 19.212522 19.291268 19.370014 19.448760 19.527506 19.606252 19.684998 19.763744 19.842490 19.921236 19.999982 20.078728 20.157474 20.236220
10.314961 10.393693 10.472425 10.551157 10.629889 10.708622 10.787354 10.866086 10.944818 11.023551 11.102283 11.181016 11.259748 11.338481 11.417213 11.495946 11.574679 11.653412 11.732144 11.810877 11.889610 11.968344 12.047077 12.125810 12.204544 12.283277 12.362011 12.440745 12.519479 12.598213 12.676947 12.755682 12.834416 12.913151 12.991885 13.070620 13.149355 13.228091 13.306826 13.385561 13.464297 13.543033 13.621769 13.700505 13.779242 13.857978 13.936715 14.015452 14.094189 14.172926 14.251664 14.330401 14.409139 14.487877 14.566615 14.645354 14.724092 14.802831 14.881570 14.960309 15.039048 15.117788 15.196528 15.275268 15.354008 15.432748 15.511489 15.590230 15.668971 15.747712 15.826453 15.905195 15.983936 16.062678 16.141420 16.220163 16.298905 16.377648 16.456391 16.535134 16.613877 16.692620 16.771364 16.850108 16.928852 17.007596 17.086340 17.165085 17.243829 17.322574 17.401319 17.480064 17.558809 17.637555 17.716300 17.795046 17.873792 17.952538 18.031284 18.110030 18.188776 18.267523 18.346270 18.425016 18.503763 18.582510 18.661257 18.740004 18.818751 18.897499 18.976246 19.054994 19.133741 19.212489 19.291237 19.369984 19.448732 19.527480 19.606228 19.684976 19.763724 19.842472 19.921220 19.999968 20.078716 20.157464 20.236212 20.314961
10.393701 10.472431 10.551161 10.629891 10.708622 10.787352 10.866082 10.944812 11.023543 11.102273 11.181004 11.259734 11.338465 11.417195 11.495926 11.574657 11.653388 11.732119 11.810850 11.889581 11.968313 12.047044 12.125776 12.204507 12.283239 12.361971 12.440703 12.519435 12.598168 12.676900 12.755633 12.834366 12.913099 12.991832 13.070566 13.149299 13.228033 13.306767 13.385501 13.464236 13.542970 13.621705 13.700440 13.779175 13.857911 13.936646 14.015382 14.094118 14.172854 14.251591 14.330328 14.409065 14.487802 14.566539 14.645277 14.724015 14.802753 14.881492 14.960230 15.038969 15.117709 15.196448 15.275188 15.353928 15.432668 15.511408 15.590149 15.668890 15.747631 15.826372 15.905114 15.983856 16.062598 16.141340 16.220083 16.298826 16.377569 16.456312 16.535056 16.613799 16.692543 16.771288 16.850032 16.928777 17.007522 17.086267 17.165012 17.243758 17.322503 17.401249 17.479995 17.558742 17.637488 17.716235 17.794982 17.873729 17.952476 18.031224 18.109971 18.188719 18.267467 18.346215 18.424963 18.503711 18.582460 18.661209 18.739957 18.818706 18.897455 18.976204 19.054954 19.133703 19.212452 19.291202 19.369951 19.448701 19.527451 19.606200 19.684950 19.763700 19.842450 19.921200 19.999950 20.078700 20.157450 20.236201 20.314951 20.393701
10.472441 10.551169 10.629897 10.708626 10.787354 10.866082 10.944810 11.023539 11.102267 11.180996 11.259724 11.338453 11.417181 11.495910 11.574639 11.653368 11.732097 11.810826 11.889556 11.968285 12.047015 12.125744 12.204474 12.283204 12.361934 12.440665 12.519395 12.598126 12.676857 12.755588 12.834319 12.913051 12.991782 13.070514 13.149246 13.227978 13.306711 13.385444 13.464177 13.542910 13.621643 13.700377 13.779111 13.857845 13.936580 14.015314 14.094050 14.172785 14.251520 14.330256 14.408992 14.487729 14.566465 14.645202 14.723939 14.802677 14.881415 14.960153 15.038891 15.117630 15.196369 15.275108 15.353848 15.432588 15.511328 15.590068 15.668809 15.747550 15.826291 15.905033 15.983775 16.062517 16.141260 16.220002 16.298746 16.377489 16.456233 16.534977 16.613721 16.692465 16.771210 16.849955 16.928700 17.007446 17.086192 17.164938 17.243684 17.322431 17.401178 17.479925 17.558672 17.637420 17.716167 17.794915 17.873664 17.952412 18.031161 18.109910 18.188659 18.267408 18.346157 18.424907 18.503657 18.582407 18.661157 18.739907 18.818658 18.897408 18.976159 19.054910 19.133661 19.212412 19.291163 19.369915 19.448666 19.527418 19.606169 19.684921 19.763673 19.842425 19.921177 19.999929 20.078681 20.157433 20.236185 20.314937 20.393689 20.472441
10.551181 10.629907 10.708634 10.787360 10.866086 10.944812 11.023539 11.102265 11.180992 11.259718 11.338445 11.417172 11.495898 11.574625 11.653352 11.732079 11.810807 11.889534 11.968261 12.046989 12.125717 12.204445 12.283173 12.361901 12.440630 12.519359 12.598088 12.676817 12.755546 12.834276 12.913005 12.991735 13.070466 13.149196 13.227927 13.306658 13.385389 13.464121 13.542852 13.621584 13.700317 13.779049 13.857782 13.936516 14.015249 14.093983 14.172717 14.251452 14.330186 14.408922 14.487657 14.566393 14.645129 14.723865 14.802602 14.881339 14.960077 15.038814 15.117552 15.196291 15.275030 15.353769 15.432508 15.511248 15.589988 15.668729 15.747470 15.826211 15.904952 15.983694 16.062436 16.141179 16.219922 16.298665 16.377409 16.456152 16.534897 16.613641 16.692386 16.771131 16.849877 16.928623 17.007369 17.086115 17.164862 17.243609 17.322357 17.401104 17.479852 17.558600 17.637349 17.716098 17.794847 17.873596 17.952346 18.031095 18.109846 18.188596 18.267346 18.346097 18.424848 18.503599 18.582351 18.661102 18.739854 18.818606 18.897358 18.976111 19.054863 19.133616 19.212369 19.291122 19.369875 19.448628 19.527381 19.606135 19.684888 19.763642 19.842395 19.921149 19.999903 20.078657 20.157411 20.236165 20.314919 20.393673 20.472427 20.551181
10.629921 10.708646 10.787370 10.866094 10.944818 11.023543 11.102267 11.180992 11.259716 11.338441 11.417166 11.495890 11.574615 11.653340 11.732065 11.810791 11.889516 11.968242 12.046967 12.125693 12.204419 12.283146 12.361872 12.440599 12.519326 12.598053 12.676780 12.755508 12.834235 12.912963 12.991692 13.070420 13.149149 13.227878 13.306608 13.385337 13.464067 13.542798 13.621528 13.700259 13.778991 13.857722 13.936454 14.015186 14.093919 14.172652 14.251385 14.330119 14.408853 14.487587 14.566322 14.645057 14.723793 14.802529 14.881265 14.960002 15.038739 15.117476 15.196214 15.274952 15.353691 15.432430 15.511169 15.589909 15.668649 15.747389 15.826130 15.904872 15.983613 16.062356 16.141098 16.219841 16.298584 16.377328 16.456072 16.534816 16.613561 16.692306 16.771052 16.849798 16.928544 17.007291 17.086038 17.164785 17.243533 17.322281 17.401029 17.479778 17.558527 17.637276 17.716026 17.794776 17.873526 17.952277 18.031028 18.109779 18.188531 18.267282 18.346034 18.424787 18.503539 18.582292 18.661045 18.739798 18.818551 18.897305 18.976059 19.054813 19.133567 19.212322 19.291076 19.369831 19.448586 19.527341 19.606096 19.684851 19.763607 19.842362 19.921118 19.999874 20.078629 20.157385 20.236141 20.314897 20.393653 20.472409 20.551165 20.629921
10.708661 10.787384 10.866106 10.944828 11.023551 11.102273 11.180996 11.259718 11.338441 11.417164 11.495886 11.574609 11.653332 11.732055 11.810779 11.889502 11.968226 12.046950 12.125673 12.204398 12.283122 12.361847 12.440571 12.519296 12.598022 12.676747 12.755473 12.834199 12.912925 12.991652 13.070378 13.149106 13.227833 13.306561 13.385289 13.464017 13.542746 13.621475 13.700205 13.778934 13.857665 13.936395 14.015126 14.093857 14.172589 14.251321 14.330054 14.408787 14.487520 14.566253 14.644988 14.723722 14.802457 14.881192 14.959928 15.038664 15.117401 15.196138 15.274876 15.353614 15.432352 15.511091 15.589830 15.668570 15.747310 15.826051 15.904792 15.983533 16.062275 16.141017 16.219760 16.298503 16.377247 16.455991 16.534736 16.613481 16.692226 16.770972 16.849718 16.928465 17.007212 17.085959 17.164707 17.243455 17.322204 17.400953 17.479702 17.558452 17.637202 17.715953 17.794704 17.873455 17.952206 18.030958 18.109710 18.188463 18.267216 18.345969 18.424722 18.503476 18.582230 18.660985 18.739739 18.818494 18.897249 18.976004 19.054760 19.133516 19.212272 19.291028 19.369784 19.448541 19.527297 19.606054 19.684811 19.763568 19.842326 19.921083 19.999841 20.078598 20.157356 20.236114 20.314872 20.393630 20.472387 20.551145 20.629903 20.708661
10.787402 10.866122 10.944842 11.023563 11.102283 11.181004 11.259724 11.338445 11.417166 11.495886 11.574607 11.653328 11.732049 11.810771 11.889492 11.968214 12.046936 12.125658 12.204380 12.283102 12.361825 12.440548 12.519271 12.597994 12.676718 12.755442 12.834166 12.912890 12.991615 13.070340 13.149065 13.227791 13.306517 13.385244 13.463971 13.542698 13.621425 13.700153 13.778881 13.857610 13.936339 14.015069 14.093799 14.172529 14.251260 14.329991 14.408722 14.487455 14.566187 14.644920 14.723653 14.802387 14.881122 14.959857 15.038592 15.117328 15.196064 15.274801 15.353538 15.432276 15.511014 15.589753 15.668492 15.747231 15.825972 15.904712 15.983453 16.062195 16.140937 16.219680 16.298423 16.377166 16.455910 16.534655 16.613400 16.692145 16.770891 16.849638 16.928385 17.007132 17.085880 17.164628 17.243377 17.322126 17.400875 17.479625 17.558376 17.637127 17.715878 17.794629 17.873381 17.952134 18.030887 18.109640 18.188393 18.267147 18.345901 18.424656 18.503411 18.582166 18.660922 18.739678 18.818434 18.897190 18.975947 19.054704 19.133461 19.212218 19.290976 19.369734 19.448492 19.527251 19.606009 19.684768 19.763527 19.842286 19.921045 19.999804 20.078563 20.157323 20.236083 20.314842 20.393602 20.472362 20.551122 20.629882 20.708642 20.787402
10.866142 10.944860 11.023579 11.102297 11.181016 11.259734 11.338453 11.417172 11.495890 11.574609 11.653328 11.732047 11.810767 11.889486 11.968206 12.046926 12.125646 12.204366 12.283086 12.361807 12.440528 12.519249 12.597970 12.676692 12.755414 12.834136 12.912859 12.991582 13.070305 13.149029 13.227753 13.306477 13.385202 13.463927 13.542652 13.621378 13.700105 13.778831 13.857558 13.936286 14.015014 14.093742 14.172471 14.251201 14.329931 14.408661 14.487392 14.566123 14.644855 14.723587 14.802320 14.881053 14.959787 15.038521 15.117256 15.195991 15.274727 15.353464 15.432201 15.510938 15.589676 15.668415 15.747154 15.825893 15.904634 15.983374 16.062115 16.140857 16.219600 16.298342 16.377086 16.455830 16.534574 16.613319 16.692065 16.770811 16.849557 16.928304 17.007052 17.085800 17.164548 17.243297 17.322047 17.400797 17.479547 17.558298 17.637050 17.715801 17.794554 17.873306 17.952060 18.030813 18.109567 18.188322 18.267077 18.345832 18.424587 18.503343 18.582100 18.660856 18.739614 18.818371 18.897129 18.975887 19.054645 19.133404 19.212162 19.290922 19.369681 19.448441 19.527200 19.605961 19.684721 19.763481 19.842242 19.921003 19.999764 20.078525 20.157286 20.236048 20.314809 20.393571 20.472333 20.551094 20.629856 20.708618 20.787380 20.866142
10.944882 11.023598 11.102315 11.181031 11.259748 11.338465 11.417181 11.495898 11.574615 11.653332 11.732049 11.810767 11.889484 11.968202 12.046920 12.125638 12.204356 12.283074 12.361793 12.440512 12.519231 12.597951 12.676670 12.755391 12.834111 12.912832 12.991553 13.070274 13.148996 13.227718 13.306441 13.385163 13.463887 13.542611 13.621335 13.700059 13.778784 13.857510 13.936236 14.014962 14.093689 14.172417 14.251145 14.329873 14.408602 14.487331 14.566061 14.644792 14.723523 14.802255 14.880987 14.959719 15.038453 15.117186 15.195921 15.274656 15.353391 15.432127 15.510864 15.589601 15.668339 15.747077 15.825816 15.904556 15.983296 16.062037 16.140778 16.219520 16.298263 16.377006 16.455749 16.534494 16.613238 16.691984 16.770730 16.849476 16.928223 17.006971 17.085719 17.164468 17.243217 17.321967 17.400717 17.479468 17.558220 17.636971 17.715724 17.794477 17.873230 17.951984 18.030738 18.109493 18.188248 18.267004 18.345760 18.424517 18.503274 18.582031 18.660789 18.739547 18.818306 18.897065 18.975824 19.054583 19.133343 19.212104 19.290864 19.369625 19.448386 19.527147 19.605909 19.684671 19.763433 19.842195 19.920958 19.999720 20.078483 20.157246 20.236009 20.314773 20.393536 20.472300 20.551063 20.629827 20.708591 20.787354 20.866118 20.944882
11.023622 11.102337 11.181051 11.259766 11.338481 11.417195 11.495910 11.574625 11.653340 11.732055 11.810771 11.889486 11.968202 12.046918 12.125634 12.204350 12.283066 12.361783 12.440500 12.519217 12.597935 12.676653 12.755371 12.834089 12.912808 12.991527 13.070247 13.148967 13.227687 13.306408 13.385129 13.463850 13.542572 13.621295 13.700018 13.778741 13.857465 13.936189 14.014914 14.093639 14.172365 14.251091 14.329818 14.408546 14.487274 14.566003 14.644732 14.723461 14.802192 14.880923 14.959654 15.038386 15.117119 15.195852 15.274586 15.353321 15.432056 15.510791 15.589528 15.668265 15.747002 15.825741 15.904480 15.983219 16.061959 16.140700 16.219442 16.298184 16.376926 16.455670 16.534413 16.613158 16.691903 16.770649 16.849395 16.928142 17.006890 17.085638 17.164387 17.243137 17.321887 17.400637 17.479388 17.558140 17.636892 17.715645 17.794399 17.873153 17.951907 18.030662 18.109417 18.188173 18.266930 18.345687 18.424444 18.503202 18.581960 18.660719 18.739478 18.818238 18.896998 18.975758 19.054519 19.133280 19.212042 19.290804 19.369566 19.448328 19.527091 19.605854 19.684618 19.763381 19.842145 19.920909 19.999674 20.078438 20.157203 20.235968 20.314733 20.393498 20.472263 20.551028 20.629794 20.708559 20.787325 20.866091 20.944856 21.023622
11.102362 11.181075 11.259788 11.338500 11.417213 11.495926 11.574639 11.653352 11.732065 11.810779 11.889492 11.968206 12.046920 12.125634 12.204348 12.283062 12.361777 12.440492 12.519207 12.597923 12.676639 12.755355 12.834071 12.912788 12.991505 13.070223 13.148941 13.227659 13.306378 13.385098 13.463817 13.542537 13.621258 13.699979 13.778701 13.857423 13.936146 14.014869 14.093592 14.172317 14.251041 14.329767 14.408493 14.487219 14.565946 14.644674 14.723402 14.802131 14.880861 14.959591 15.038322 15.117054 15.195786 15.274518 15.353252 15.431986 15.510721 15.589456 15.668192 15.746929 15.825667 15.904405 15.983143 16.061883 16.140623 16.219364 16.298105 16.376848 16.455590 16.534334 16.613078 16.691823 16.770569 16.849315 16.928062 17.006809 17.085557 17.164306 17.243056 17.321806 17.400557 17.479308 17.558060 17.636813 17.715566 17.794320 17.873074 17.951829 18.030584 18.109340 18.188097 18.266854 18.345612 18.424370 18.503129 18.581888 18.660648 18.739408 18.818168 18.896929 18.975691 19.054453 19.133215 19.211978 19.290741 19.369504 19.448268 19.527032 19.605797 19.684562 19.763327 19.842092 19.920858 19.999623 20.078390 20.157156 20.235922 20.314689 20.393456 20.472223 20.550990 20.629757 20.708525 20.787292 20.866059 20.944827 21.023595 21.102362
11.181102 11.259813 11.338524 11.417235 11.495946 11.574657 11.653368 11.732079 11.810791 11.889502 11.968214 12.046926 12.125638 12.204350 12.283062 12.361775 12.440488 12.519201 12.597915 12.676629 12.755343 12.834057 12.912772 12.991488 13.070203 13.148919 13.227636 13.306353 13.385070 13.463788 13.542506 13.621225 13.699944 13.778664 13.857384 13.936105 14.014827 14.093549 14.172271 14.250995 14.329718 14.408443 14.487168 14.565893 14.644620 14.723346 14.802074 14.880802 14.959531 15.038261 15.116991 15.195722 15.274453 15.353185 15.431918 15.510652 15.589387 15.668122 15.746857 15.825594 15.904331 15.983069 16.061808 16.140547 16.219288 16.298028 16.376770 16.455512 16.534255 16.612999 16.691744 16.770489 16.849235 16.927981 17.006729 17.085477 17.164226 17.242975 17.321725 17.400476 17.479227 17.557979 17.636732 17.715486 17.794240 17.872994 17.951750 18.030506 18.109262 18.188019 18.266777 18.345535 18.424294 18.503054 18.581814 18.660574 18.739335 18.818097 18.896859 18.975621 19.054384 19.133148 19.211911 19.290676 19.369440 19.448205 19.526971 19.605737 19.684503 19.763269 19.842036 19.920803 19.999570 20.078338 20.157106 20.235874 20.314642 20.393411 20.472179 20.550948 20.629717 20.708486 20.787255 20.866025 20.944794 21.023563 21.102333 21.181102
11.259843 11.338552 11.417261 11.495970 11.574679 11.653388 11.732097 11.810807 11.889516 11.968226 12.046936 12.125646 12.204356 12.283066 12.361777 12.440488 12.519199 12.597911 12.676623 12.755335 12.834047 12.912760 12.991474 13.070187 13.148901 13.227616 13.306331 13.385046 13.463762 13.542479 13.621196 13.699913 13.778631 13.857350 13.936069 14.014788 14.093509 14.172230 14.250951 14.329673 14.408396 14.487119 14.565843 14.644568 14.723293 14.802019 14.880746 14.959473 15.038202 15.116930 15.195660 15.274390 15.353121 15.431853 15.510586 15.589319 15.668053 15.746788 15.825523 15.904260 15.982997 16.061735 16.140473 16.219213 16.297953 16.376694 16.455435 16.534178 16.612921 16.691665 16.770410 16.849155 16.927902 17.006649 17.085396 17.164145 17.242894 17.321644 17.400395 17.479146 17.557899 17.636652 17.715405 17.794159 17.872914 17.951670 18.030426 18.109183 18.187941 18.266699 18.345458 18.424217 18.502977 18.581738 18.660499 18.739261 18.818023 18.896786 18.975550 19.054314 19.133078 19.211843 19.290608 19.369374 19.448140 19.526907 19.605674 19.684441 19.763209 19.841977 19.920745 19.999514 20.078283 20.157053 20.235822 20.314592 20.393362 20.472132 20.550903 20.629674 20.708444 20.787215 20.865986 20.944757 21.023529 21.102300 21.181071 21.259843
11.338583 11.417290 11.495997 11.574704 11.653412 11.732119 11.810826 11.889534 11.968242 12.046950 12.125658 12.204366 12.283074 12.361783 12.440492 12.519201 12.597911 12.676621 12.755331 12.834041 12.912752 12.991464 13.070175 13.148888 13.227600 13.306313 13.385027 13.463741 13.542455 13.621170 13.699886 13.778602 13.857319 13.936036 14.014754 14.093472 14.172191 14.250911 14.329631 14.408352 14.487074 14.565796 14.644519 14.723243 14.801968 14.880693 14.959419 15.038146 15.116873 15.195601 15.274330 15.353060 15.431790 15.510522 15.589254 15.667987 15.746720 15.825455 15.904190 15.982926 16.061663 16.140401 16.219139 16.297879 16.376619 16.455360 16.534101 16.612844 16.691587 16.770332 16.849077 16.927823 17.006569 17.085317 17.164065 17.242814 17.321564 17.400314 17.479066 17.557818 17.636571 17.715324 17.794079 17.872834 17.951590 18.030346 18.109103 18.187861 18.266620 18.345379 18.424139 18.502900 18.581661 18.660423 18.739185 18.817948 18.896712 18.975476 19.054241 19.133006 19.211772 19.290538 19.369305 19.448073 19.526840 19.605608 19.684377 19.763146 19.841915 19.920685 19.999455 20.078226 20.156997 20.235768 20.314539 20.393311 20.472082 20.550854 20.629627 20.708399 20.787172 20.865944 20.944717 21.023490 21.102263 21.181036 21.259810 21.338583
11.417323 11.496028 11.574734 11.653439 11.732144 11.810850 11.889556 11.968261 12.046967 12.125673 12.204380 12.283086 12.361793 12.440500 12.519207 12.597915 12.676623 12.755331 12.834039 12.912748 12.991458 13.070167 13.148878 13.227588 13.306299 13.385011 13.463723 13.542435 13.621148 13.699862 13.778576 13.857291 13.936006 14.014722 14.093439 14.172156 14.250874 14.329593 14.408312 14.487032 14.565753 14.644474 14.723196 14.801919 14.880643 14.959367 15.038092 15.116818 15.195545 15.274273 15.353001 15.431730 15.510460 15.589191 15.667922 15.746655 15.825388 15.904122 15.982857 16.061593 16.140330 16.219068 16.297806 16.376545 16.455285 16.534027 16.612768 16.691511 16.770255 16.848999 16.927744 17.006491 17.085238 17.163985 17.242734 17.321484 17.400234 17.478985 17.557737 17.636490 17.715244 17.793998 17.872753 17.951509 18.030266 18.109023 18.187781 18.266540 18.345300 18.424060 18.502821 18.581583 18.660345 18.739108 18.817872 18.896636 18.975401 19.054167 19.132933 19.211700 19.290467 19.369235 19.448003 19.526772 19.605541 19.684311 19.763081 19.841851 19.920622 19.999394 20.078166 20.156938 20.235710 20.314483 20.393256 20.472029 20.550803 20.629577 20.708351 20.787125 20.865899 20.944674 21.023448 21.102223 21.180998 21.259773 21.338548 21.417323
11.496063 11.574767 11.653470 11.732174 11.810877 11.889581 11.968285 12.046989 12.125693 12.204398 12.283102 12.361807 12.440512 12.519217 12.597923 12.676629 12.755335 12.834041 12.912748 12.991456 13.070163 13.148872 13.227580 13.306289 13.384999 13.463709 13.542419 13.621131 13.699842 13.778555 13.857267 13.935981 14.014695 14.093410 14.172125 14.250841 14.329558 14.408276 14.486994 14.565713 14.644432 14.723153 14.801874 14.880596 14.959319 15.038042 15.116767 15.195492 15.274218 15.352945 15.431673 15.510401 15.589131 15.667861 15.746592 15.825324 15.904057 15.982791 16.061526 16.140261 16.218998 16.297735 16.376474 16.455213 16.533953 16.612694 16.691436 16.770179 16.848923 16.927667 17.006413 17.085160 17.163907 17.242655 17.321404 17.400154 17.478905 17.557657 17.636409 17.715163 17.793917 17.872672 17.951428 18.030185 18.108942 18.187701 18.266460 18.345220 18.423980 18.502742 18.581504 18.660267 18.739030 18.817794 18.896559 18.975325 19.054091 19.132858 19.211625 19.290393 19.369162 19.447931 19.526701 19.605471 19.684242 19.763013 19.841785 19.920557 19.999330 20.078103 20.156876 20.235650 20.314424 20.393198 20.471973 20.550748 20.629523 20.708299 20.787075 20.865851 20.944627 21.023403 21.102180 21.180956 21.259733 21.338509 21.417286 21.496063
11.574803 11.653505 11.732207 11.810909 11.889610 11.968313 12.047015 12.125717 12.204419 12.283122 12.361825 12.440528 12.519231 12.597935 12.676639 12.755343 12.834047 12.912752 12.991458 13.070163 13.148870 13.227576 13.306283 13.384991 13.463699 13.542408 13.621117 13.699826 13.778537 13.857248 13.935959 14.014671 14.093384 14.172098 14.250812 14.329527 14.408243 14.486959 14.565676 14.644394 14.723113 14.801832 14.880552 14.959274 15.037995 15.116718 15.195442 15.274166 15.352892 15.431618 15.510345 15.589073 15.667802 15.746532 15.825263 15.903994 15.982727 16.061460 16.140195 16.218930 16.297667 16.376404 16.455142 16.533882 16.612622 16.691363 16.770105 16.848848 16.927592 17.006337 17.085083 17.163829 17.242577 17.321326 17.400075 17.478826 17.557577 17.636329 17.715083 17.793837 17.872592 17.951347 18.030104 18.108862 18.187620 18.266379 18.345139 18.423900 18.502662 18.581424 18.660187 18.738951 18.817716 18.896481 18.975247 19.054014 19.132782 19.211550 19.290319 19.369088 19.447858 19.526628 19.605400 19.684171 19.762944 19.841716 19.920490 19.999263 20.078037 20.156812 20.235587 20.314362 20.393138 20.471914 20.550691 20.629467 20.708244 20.787022 20.865799 20.944577 21.023355 21.102133 21.180911 21.259689 21.338468 21.417246 21.496025 21.574803
11.653543 11.732243 11.810943 11.889643 11.968344 12.047044 12.125744 12.204445 12.283146 12.361847 12.440548 12.519249 12.597951 12.676653 12.755355 12.834057 12.912760 12.991464 13.070167 13.148872 13.227576 13.306281 13.384987 13.463693 13.542400 13.621107 13.699814 13.778523 13.857232 13.935941 14.014652 14.093363 14.172074 14.250786 14.329499 14.408213 14.486928 14.565643 14.644359 14.723076 14.801794 14.880512 14.959232 15.037952 15.116673 15.195395 15.274118 15.352842 15.431566 15.510292 15.589018 15.667746 15.746474 15.825204 15.903934 15.982665 16.061398 16.140131 16.218865 16.297600 16.376337 16.455074 16.533812 16.612551 16.691291 16.770032 16.848774 16.927518 17.006262 17.085007 17.163753 17.242500 17.321248 17.399997 17.478747 17.557498 17.636250 17.715003 17.793757 17.872511 17.951267 18.030023 18.108781 18.187539 18.266298 18.345058 18.423819 18.502581 18.581344 18.660107 18.738871 18.817636 18.896402 18.975169 19.053936 19.132704 19.211473 19.290242 19.369012 19.447783 19.526554 19.605326 19.684099 19.762872 19.841646 19.920420 19.999195 20.077970 20.156746 20.235522 20.314298 20.393075 20.471853 20.550630 20.629408 20.708187 20.786966 20.865744 20.944524 21.023303 21.102083 21.180862 21.259642 21.338422 21.417203 21.495983 21.574763 21.653543
11.732283 11.810982 11.889680 11.968378 12.047077 12.125776 12.204474 12.283173 12.361872 12.440571 12.519271 12.597970 12.676670 12.755371 12.834071 12.912772 12.991474 13.070175 13.148878 13.227580 13.306283 13.384987 13.463691 13.542396 13.621101 13.699806 13.778513 13.857220 13.935927 14.014636 14.093345 14.172054 14.250765 14.329476 14.408188 14.486900 14.565614 14.644328 14.723043 14.801759 14.880476 14.959193 15.037912 15.116631 15.195351 15.274073 15.352795 15.431518 15.510242 15.588967 15.667693 15.746420 15.825148 15.903877 15.982606 16.061337 16.140069 16.218802 16.297536 16.376271 16.455007 16.533744 16.612482 16.691222 16.769962 16.848703 16.927445 17.006188 17.084933 17.163678 17.242424 17.321172 17.399920 17.478669 17.557420 17.636171 17.714924 17.793677 17.872431 17.951187 18.029943 18.108700 18.187458 18.266218 18.344978 18.423739 18.502500 18.581263 18.660027 18.738791 18.817556 18.896322 18.975089 19.053857 19.132625 19.211395 19.290165 19.368935 19.447707 19.526479 19.605251 19.684025 19.762799 19.841573 19.920348 19.999124 20.077900 20.156677 20.235454 20.314232 20.393010 20.471789 20.550568 20.629347 20.708127 20.786907 20.865687 20.944468 21.023248 21.102030 21.180811 21.259592 21.338374 21.417156 21.495938 21.574719 21.653501 21.732283
11.811024 11.889720 11.968417 12.047114 12.125810 12.204507 12.283204 12.361901 12.440599 12.519296 12.597994 12.676692 12.755391 12.834089 12.912788 12.991488 13.070187 13.148888 13.227588 13.306289 13.384991 13.463693 13.542396 13.621099 13.699802 13.778507 13.857212 13.935917 14.014624 14.093331 14.172038 14.250747 14.329456 14.408166 14.486877 14.565588 14.644301 14.723014 14.801728 14.880443 14.959158 15.037875 15.116593 15.195311 15.274031 15.352751 15.431473 15.510195 15.588918 15.667643 15.746368 15.825095 15.903822 15.982550 16.061280 16.140010 16.218742 16.297475 16.376208 16.454943 16.533679 16.612416 16.691154 16.769893 16.848633 16.927374 17.006117 17.084860 17.163605 17.242350 17.321097 17.399844 17.478593 17.557343 17.636094 17.714846 17.793598 17.872352 17.951107 18.029863 18.108620 18.187378 18.266137 18.344897 18.423658 18.502420 18.581182 18.659946 18.738710 18.817476 18.896242 18.975009 19.053777 19.132546 19.211316 19.290086 19.368857 19.447629 19.526402 19.605175 19.683949 19.762724 19.841499 19.920275 19.999051 20.077829 20.156606 20.235385 20.314163 20.392942 20.471722 20.550502 20.629283 20.708064 20.786845 20.865627 20.944409 21.023191 21.101973 21.180756 21.259539 21.338322 21.417106 21.495889 21.574673 21.653456 21.732240 21.811024
11.889764 11.968459 12.047154 12.125849 12.204544 12.283239 12.361934 12.440630 12.519326 12.598022 12.676718 12.755414 12.834111 12.912808 12.991505 13.070203 13.148901 13.227600 13.306299 13.384999 13.463699 13.542400 13.621101 13.699802 13.778505 13.857208 13.935911 14.014616 14.093321 14.172026 14.250733 14.329440 14.408148 14.486857 14.565566 14.644277 14.722988 14.801700 14.880413 14.959127 15.037842 15.116558 15.195275 15.273992 15.352711 15.431431 15.510151 15.588873 15.667596 15.746320 15.825044 15.903770 15.982497 16.061225 16.139954 16.218685 16.297416 16.376148 16.454882 16.533616 16.612352 16.691089 16.769827 16.848566 16.927306 17.006047 17.084789 17.163533 17.242278 17.321023 17.399770 17.478518 17.557267 17.636017 17.714769 17.793521 17.872274 17.951029 18.029784 18.108541 18.187298 18.266057 18.344817 18.423577 18.502339 18.581101 18.659865 18.738630 18.817395 18.896161 18.974929 19.053697 19.132466 19.211236 19.290007 19.368778 19.447550 19.526323 19.605097 19.683872 19.762647 19.841423 19.920200 19.998977 20.077755 20.156534 20.235313 20.314093 20.392873 20.471654 20.550435 20.629216 20.707999 20.786781 20.865564 20.944347 21.023131 21.101915 21.180699 21.259483 21.338268 21.417052 21.495837 21.574623 21.653408 21.732193 21.810978 21.889764
11.968504 12.047197 12.125891 12.204584 12.283277 12.361971 12.440665 12.519359 12.598053 12.676747 12.755442 12.834136 12.912832 12.991527 13.070223 13.148919 13.227616 13.306313 13.385011 13.463709 13.542408 13.621107 13.699806 13.778507 13.857208 13.935909 14.014612 14.093315 14.172018 14.250723 14.329428 14.408134 14.486841 14.565549 14.644257 14.722966 14.801677 14.880388 14.959100 15.037813 15.116527 15.195242 15.273958 15.352675 15.431392 15.510111 15.588831 15.667552 15.746274 15.824998 15.903722 15.982447 16.061174 16.139901 16.218630 16.297360 16.376091 16.454823 16.533556 16.612290 16.691026 16.769763 16.848500 16.927239 17.005980 17.084721 17.163463 17.242207 17.320952 17.399698 17.478445 17.557193 17.635942 17.714693 17.793445 17.872197 17.950951 18.029706 18.108462 18.187219 18.265978 18.344737 18.423497 18.502259 18.581021 18.659784 18.738549 18.817314 18.896081 18.974848 19.053616 19.132385 19.211155 19.289926 19.368698 19.447471 19.526244 19.605019 19.683794 19.762570 19.841346 19.920124 19.998902 20.077680 20.156460 20.235240 20.314020 20.392801 20.471583 20.550365 20.629148 20.707931 20.786715 20.865499 20.944283 21.023068 21.101853 21.180638 21.259424 21.338210 21.416996 21.495783 21.574569 21.653356 21.732143 21.810930 21.889717 21.968504
12.047244 12.125936 12.204627 12.283319 12.362011 12.440703 12.519395 12.598088 12.676780 12.755473 12.834166 12.912859 12.991553 13.070247 13.148941 13.227636 13.306331 13.385027 13.463723 13.542419 13.621117 13.699814 13.778513 13.857212 13.935911 14.014612 14.093313 14.172014 14.250717 14.329420 14.408124 14.486829 14.565535 14.644241 14.722949 14.801657 14.880366 14.959076 15.037787 15.116499 15.195212 15.273926 15.352642 15.431358 15.510075 15.588793 15.667512 15.746233 15.824954 15.903677 15.982400 16.061125 16.139851 16.218578 16.297307 16.376036 16.454767 16.533498 16.612231 16.690966 16.769701 16.848438 16.927175 17.005914 17.084654 17.163396 17.242138 17.320882 17.399627 17.478373 17.557120 17.635869 17.714619 17.793370 17.872122 17.950875 18.029629 18.108385 18.187141 18.265899 18.344658 18.423418 18.502179 18.580941 18.659704 18.738468 18.817234 18.896000 18.974767 19.053535 19.132305 19.211075 19.289846 19.368618 19.447391 19.526165 19.604939 19.683715 19.762491 19.841268 19.920046 19.998825 20.077604 20.156384 20.235165 20.313946 20.392728 20.471510 20.550293 20.629077 20.707861 20.786646 20.865431 20.944217 21.023003 21.101789 21.180576 21.259363 21.338150 21.416938 21.495725 21.574513 21.653302 21.732090 21.810878 21.889667 21.968455 22.047244
12.125984 12.204674 12.283364 12.362055 12.440745 12.519435 12.598126 12.676817 12.755508 12.834199 12.912890 12.991582 13.070274 13.148967 13.227659 13.306353 13.385046 13.463741 13.542435 13.621131 13.699826 13.778523 13.857220 13.935917 14.014616 14.093315 14.172014 14.250715 14.329416 14.408118 14.486821 14.565525 14.644229 14.722935 14.801641 14.880348 14.959056 15.037766 15.116476 15.195187 15.273899 15.352612 15.431326 15.510042 15.588758 15.667476 15.746194 15.824914 15.903635 15.982357 16.061080 16.139804 16.218530 16.297256 16.375984 16.454713 16.533444 16.612175 16.690908 16.769642 16.848377 16.927114 17.005851 17.084590 17.163330 17.242072 17.320815 17.399558 17.478303 17.557050 17.635797 17.714546 17.793296 17.872047 17.950800 18.029553 18.108308 18.187064 18.265821 18.344580 18.423339 18.502100 18.580861 18.659624 18.738388 18.817153 18.895919 18.974686 19.053455 19.132224 19.210994 19.289765 19.368537 19.447310 19.526084 19.604859 19.683635 19.762412 19.841189 19.919967 19.998746 20.077526 20.156307 20.235088 20.313870 20.392653 20.471436 20.550220 20.629005 20.707790 20.786575 20.865361 20.944148 21.022935 21.101722 21.180510 21.259299 21.338087 21.416876 21.495665 21.574454 21.653244 21.732034 21.810824 21.889614 21.968404 22.047194 22.125984
12.204724 12.283413 12.362102 12.440790 12.519479 12.598168 12.676857 12.755546 12.834235 12.912925 12.991615 13.070305 13.148996 13.227687 13.306378 13.385070 13.463762 13.542455 13.621148 13.699842 13.778537 13.857232 13.935927 14.014624 14.093321 14.172018 14.250717 14.329416 14.408116 14.486817 14.565519 14.644221 14.722925 14.801629 14.880334 14.959041 15.037748 15.116456 15.195165 15.273875 15.352587 15.431299 15.510012 15.588727 15.667443 15.746159 15.824877 15.903596 15.982317 16.061038 16.139761 16.218485 16.297210 16.375936 16.454663 16.533392 16.612122 16.690853 16.769586 16.848320 16.927055 17.005791 17.084529 17.163268 17.242008 17.320749 17.399492 17.478236 17.556981 17.635728 17.714476 17.793225 17.871975 17.950726 18.029479 18.108233 18.186988 18.265745 18.344503 18.423262 18.502022 18.580783 18.659545 18.738309 18.817073 18.895839 18.974606 19.053374 19.132143 19.210913 19.289684 19.368456 19.447230 19.526004 19.604779 19.683555 19.762332 19.841109 19.919888 19.998667 20.077448 20.156229 20.235011 20.313793 20.392577 20.471360 20.550145 20.628930 20.707716 20.786503 20.865290 20.944077 21.022865 21.101654 21.180443 21.259232 21.338022 21.416812 21.495602 21.574393 21.653184 21.731975 21.810766 21.889558 21.968349 22.047141 22.125933 22.204724
12.283465 12.362152 12.440839 12.519526 12.598213 12.676900 12.755588 12.834276 12.912963 12.991652 13.070340 13.149029 13.227718 13.306408 13.385098 13.463788 13.542479 13.621170 13.699862 13.778555 13.857248 13.935941 14.014636 14.093331 14.172026 14.250723 14.329420 14.408118 14.486817 14.565517 14.644217 14.722919 14.801621 14.880324 14.959029 15.037734 15.116440 15.195147 15.273856 15.352565 15.431275 15.509987 15.588700 15.667413 15.746128 15.824844 15.903562 15.982280 16.061000 16.139721 16.218443 16.297166 16.375891 16.454617 16.533344 16.612072 16.690802 16.769533 16.848265 16.926999 17.005734 17.084470 17.163207 17.241946 17.320686 17.399428 17.478171 17.556915 17.635660 17.714407 17.793155 17.871904 17.950655 18.029407 18.108160 18.186914 18.265670 18.344427 18.423185 18.501945 18.580705 18.659467 18.738230 18.816994 18.895760 18.974526 19.053294 19.132063 19.210833 19.289604 19.368376 19.447149 19.525923 19.604698 19.683474 19.762251 19.841029 19.919808 19.998588 20.077368 20.156150 20.234932 20.313715 20.392499 20.471283 20.550069 20.628855 20.707641 20.786429 20.865216 20.944005 21.022794 21.101583 21.180373 21.259163 21.337954 21.416745 21.495537 21.574329 21.653121 21.731913 21.810706 21.889499 21.968292 22.047085 22.125878 22.204671 22.283465
12.362205 12.440890 12.519576 12.598261 12.676947 12.755633 12.834319 12.913005 12.991692 13.070378 13.149065 13.227753 13.306441 13.385129 13.463817 13.542506 13.621196 13.699886 13.778576 13.857267 13.935959 14.014652 14.093345 14.172038 14.250733 14.329428 14.408124 14.486821 14.565519 14.644217 14.722917 14.801617 14.880318 14.959021 15.037724 15.116428 15.195133 15.273840 15.352547 15.431256 15.509965 15.588676 15.667388 15.746101 15.824815 15.903530 15.982247 16.060965 16.139684 16.218404 16.297126 16.375849 16.454573 16.533298 16.612025 16.690753 16.769483 16.848214 16.926946 17.005679 17.084414 17.163150 17.241887 17.320626 17.399366 17.478108 17.556851 17.635595 17.714340 17.793087 17.871836 17.950585 18.029336 18.108088 18.186842 18.265597 18.344353 18.423110 18.501869 18.580629 18.659390 18.738153 18.816916 18.895681 18.974447 19.053215 19.131983 19.210753 19.289523 19.368295 19.447068 19.525842 19.604617 19.683393 19.762170 19.840948 19.919727 19.998507 20.077288 20.156070 20.234853 20.313636 20.392420 20.471205 20.549991 20.628778 20.707565 20.786353 20.865141 20.943931 21.022720 21.101511 21.180302 21.259093 21.337885 21.416677 21.495469 21.574262 21.653056 21.731849 21.810643 21.889437 21.968231 22.047026 22.125820 22.204615 22.283410 22.362205
