10.000000 10.078740 10.157480 10.236220 10.314961 10.393701 10.472441 10.551181 10.629921 10.708661 10.787402 10.866142 10.944882 11.023622 11.102362 11.181102 11.259843 11.338583 11.417323 11.496063 11.574803 11.653543 11.732283 11.811024 11.889764 11.968504 12.047244 12.125984 12.204724 12.283465 12.362205 12.440945 12.519685 12.598425 12.677165 12.755906 12.834646 12.913386 12.992126 13.070866 13.149606 13.228346 13.307087 13.385827 13.464567 13.543307 13.622047 13.700787 13.779528 13.858268 13.937008 14.015748 14.094488 14.173228 14.251969 14.330709 14.409449 14.488189 14.566929 14.645669 14.724409 14.803150 14.881890 14.960630 15.039370 15.118110 15.196850 15.275591 15.354331 15.433071 15.511811 15.590551 15.669291 15.748031 15.826772 15.905512 15.984252 16.062992 16.141732 16.220472 16.299213 16.377953 16.456693 16.535433 16.614173 16.692913 16.771654 16.850394 16.929134 17.007874 17.086614 17.165354 17.244094 17.322835 17.401575 17.480315 17.559055 17.637795 17.716535 17.795276 17.874016 17.952756 18.031496 18.110236 18.188976 18.267717 18.346457 18.425197 18.503937 18.582677 18.661417 18.740157 18.818898 18.897638 18.976378 19.055118 19.133858 19.212598 19.291339 19.370079 19.448819 19.527559 19.606299 19.685039 19.763780 19.842520 19.921260 20.000000
10.078740 10.139151 10.199593 10.260097 10.320693 10.381411 10.442280 10.503329 10.564584 10.626072 10.687817 10.749843 10.812171 10.874821 10.937811 11.001159 11.064878 11.128981 11.193479 11.258381 11.323694 11.389422 11.455570 11.522139 11.589129 11.656537 11.724360 11.792594 11.861233 11.930269 11.999694 12.069497 12.139670 12.210200 12.281076 12.352285 12.423814 12.495651 12.567782 12.640193 12.712871 12.785803 12.858975 12.932374 13.005988 13.079804 13.153811 13.227996 13.302349 13.376860 13.451519 13.526318 13.601248 13.676301 13.751472 13.826753 13.902141 13.977630 14.053218 14.128902 14.204680 14.280552 14.356518 14.432579 14.508737 14.584997 14.661361 14.737835 14.814425 14.891139 14.967985 15.044973 15.122113 15.199417 15.276897 15.354568 15.432444 15.510542 15.588879 15.667472 15.746342 15.825508 15.904990 15.984813 16.064996 16.145565 16.226543 16.307954 16.389823 16.472175 16.555035 16.638427 16.722377 16.806909 16.892046 16.977810 17.064224 17.151309 17.239082 17.327562 17.416764 17.506702 17.597386 17.688826 17.781027 17.873994 17.967725 18.062220 18.157470 18.253469 18.350201 18.447652 18.545802 18.644628 18.744102 18.844196 18.944876 19.046106 19.147846 19.250054 19.352685 19.455692 19.559026 19.662634 19.766465 19.870463 19.974573 20.078740
10.157480 10.199593 10.241768 10.284066 10.326549 10.369275 10.412303 10.455690 10.499490 10.543755 10.588534 10.633874 10.679817 10.726405 10.773672 10.821654 10.870377 10.919868 10.970148 11.021236 11.073144 11.125883 11.179461 11.233879 11.289138 11.345233 11.402159 11.459906 11.518461 11.577809 11.637934 11.698817 11.760437 11.822772 11.885797 11.949488 12.013819 12.078765 12.144298 12.210392 12.277019 12.344153 12.411767 12.479836 12.548332 12.617233 12.686515 12.756153 12.826128 12.896418 12.967004 13.037869 13.108995 13.180369 13.251977 13.323806 13.395848 13.468093 13.540534 13.613168 13.685990 13.758999 13.832196 13.905583 13.979165 14.052948 14.126941 14.201154 14.275599 14.350291 14.425247 14.500486 14.576029 14.651900 14.728123 14.804727 14.881742 14.959199 15.037133 15.115581 15.194580 15.274171 15.354396 15.435298 15.516924 15.599318 15.682530 15.766608 15.851601 15.937558 16.024531 16.112568 16.201720 16.292033 16.383555 16.476332 16.570407 16.665821 16.762613 16.860815 16.960461 17.061576 17.164184 17.268301 17.373940 17.481108 17.589805 17.700025 17.811758 17.924983 18.039676 18.155805 18.273330 18.392205 18.512378 18.633788 18.756369 18.880048 19.004747 19.130381 19.256862 19.384093 19.511976 19.640409 19.769285 19.898496 20.027932 20.157480
10.236220 10.260097 10.284066 10.308220 10.332650 10.357446 10.382694 10.408478 10.434882 10.461982 10.489852 10.518562 10.548177 10.578756 10.610355 10.643021 10.676800 10.711729 10.747840 10.785159 10.823709 10.863504 10.904554 10.946863 10.990432 11.035254 11.081320 11.128615 11.177121 11.226816 11.277674 11.329667 11.382764 11.436932 11.492134 11.548334 11.605493 11.663573 11.722532 11.782331 11.842929 11.904286 11.966362 12.029118 12.092517 12.156521 12.221095 12.286204 12.351816 12.417901 12.484429 12.551375 12.618713 12.686421 12.754479 12.822870 12.891578 12.960591 13.029899 13.099493 13.169371 13.239529 13.309968 13.380692 13.451708 13.523025 13.594656 13.666616 13.738925 13.811603 13.884677 13.958175 14.032128 14.106571 14.181543 14.257085 14.333242 14.410062 14.487597 14.565900 14.645030 14.725046 14.806011 14.887991 14.971054 15.055269 15.140708 15.227444 15.315550 15.405102 15.496174 15.588840 15.683175 15.779250 15.877136 15.976902 16.078611 16.182326 16.288103 16.395995 16.506048 16.618302 16.732791 16.849542 16.968571 17.089890 17.213499 17.339391 17.467546 17.597939 17.730529 17.865270 18.002102 18.140956 18.281753 18.424404 18.568808 18.714858 18.862434 19.011412 19.161656 19.313026 19.465372 19.618541 19.772374 19.926709 20.081381 20.236220
10.314961 10.320693 10.326549 10.332650 10.339119 10.346074 10.353632 10.361904 10.370999 10.381021 10.392068 10.404233 10.417602 10.432254 10.448262 10.465693 10.484603 10.505044 10.527057 10.550680 10.575939 10.602856 10.631442 10.661706 10.693644 10.727251 10.762512 10.799410 10.837919 10.878011 10.919651 10.962801 11.007420 11.053464 11.100884 11.149633 11.199658 11.250907 11.303327 11.356865 11.411467 11.467078 11.523647 11.581121 11.639449 11.698583 11.758475 11.819080 11.880354 11.942257 12.004750 12.067799 12.131369 12.195433 12.259962 12.324934 12.390328 12.456128 12.522320 12.588894 12.655844 12.723167 12.790865 12.858942 12.927407 12.996273 13.065556 13.135278 13.205463 13.276140 13.347344 13.419111 13.491484 13.564509 13.638238 13.712726 13.788031 13.864219 13.941358 14.019519 14.098780 14.179220 14.260924 14.343977 14.428472 14.514499 14.602155 14.691536 14.782741 14.875869 14.971020 15.068291 15.167784 15.269591 15.373809 15.480526 15.589831 15.701803 15.816521 15.934051 16.054457 16.177791 16.304100 16.433416 16.565767 16.701162 16.839606 16.981085 17.125579 17.273046 17.423440 17.576693 17.732731 17.891458 18.052771 18.216548 18.382661 18.550962 18.721296 18.893492 19.067375 19.242754 19.419433 19.597207 19.775865 19.955191 20.134964 20.314961
10.393701 10.381411 10.369275 10.357446 10.346074 10.335309 10.325295 10.316172 10.308076 10.301135 10.295473 10.291203 10.288436 10.287269 10.287793 10.290090 10.294233 10.300283 10.308296 10.318314 10.330374 10.344500 10.360709 10.379007 10.399395 10.421863 10.446396 10.472968 10.501550 10.532104 10.564590 10.598958 10.635159 10.673135 10.712829 10.754178 10.797120 10.841587 10.887516 10.934837 10.983485 11.033392 11.084493 11.136723 11.190018 11.244317 11.299562 11.355696 11.412664 11.470417 11.528906 11.588086 11.647918 11.708365 11.769392 11.830971 11.893077 11.955688 12.018789 12.082365 12.146411 12.210922 12.275900 12.341350 12.407285 12.473719 12.540674 12.608175 12.676254 12.744946 12.814295 12.884346 12.955153 13.026773 13.099269 13.172712 13.247175 13.322738 13.399485 13.477508 13.556901 13.637765 13.720203 13.804325 13.890242 13.978071 14.067929 14.159940 14.254223 14.350904 14.450106 14.551953 14.656567 14.764069 14.874574 14.988197 15.105044 15.225218 15.348812 15.475915 15.606601 15.740940 15.878984 16.020781 16.166357 16.315732 16.468905 16.625864 16.786578 16.951003 17.119073 17.290711 17.465816 17.644278 17.825960 18.010718 18.198385 18.388781 18.581710 18.776963 18.974316 19.173536 19.374376 19.576581 19.779888 19.984027 20.188724 20.393701
10.472441 10.442280 10.412303 10.382694 10.353632 10.325295 10.297857 10.271485 10.246341 10.222581 10.200349 10.179785 10.161017 10.144164 10.129334 10.116626 10.106125 10.097908 10.092037 10.088568 10.087539 10.088984 10.092919 10.099356 10.108292 10.119718 10.133612 10.149948 10.168687 10.189788 10.213198 10.238861 10.266716 10.296696 10.328730 10.362746 10.398666 10.436413 10.475907 10.517068 10.559815 10.604070 10.649752 10.696785 10.745092 10.794602 10.845242 10.896946 10.949649 11.003290 11.057811 11.113161 11.169289 11.226153 11.283711 11.341930 11.400779 11.460233 11.520272 11.580880 11.642050 11.703776 11.766061 11.828911 11.892340 11.956367 12.021016 12.086319 12.152313 12.219042 12.286554 12.354908 12.424165 12.494394 12.565673 12.638082 12.711712 12.786658 12.863021 12.940909 13.020436 13.101722 13.184891 13.270074 13.357405 13.447021 13.539067 13.633684 13.731022 13.831226 13.934447 14.040830 14.150524 14.263671 14.380411 14.500879 14.625205 14.753508 14.885905 15.022495 15.163375 15.308620 15.458301 15.612466 15.771155 15.934385 16.102160 16.274462 16.451257 16.632488 16.818082 17.007940 17.201949 17.399968 17.601844 17.807395 18.016427 18.228722 18.444049 18.662154 18.882772 19.105622 19.330410 19.556831 19.784570 20.013304 20.242705 20.472441
10.551181 10.503329 10.455690 10.408478 10.361904 10.316172 10.271485 10.228038 10.186018 10.145606 10.106973 10.070277 10.035671 10.003289 9.973261 9.945699 9.920704 9.898362 9.878751 9.861929 9.847946 9.836837 9.828626 9.823321 9.820924 9.821419 9.824786 9.830990 9.839989 9.851732 9.866162 9.883210 9.902807 9.924873 9.949330 9.976088 10.005062 10.036158 10.069286 10.104352 10.141263 10.179925 10.220248 10.262140 10.305515 10.350287 10.396374 10.443697 10.492181 10.541756 10.592355 10.643916 10.696383 10.749705 10.803834 10.858731 10.914361 10.970693 11.027706 11.085381 11.143708 11.202682 11.262306 11.322586 11.383540 11.445188 11.507560 11.570692 11.634626 11.699415 11.765114 11.831791 11.899518 11.968376 12.038452 12.109843 12.182652 12.256990 12.332975 12.410734 12.490396 12.572104 12.655999 12.742235 12.830967 12.922356 13.016567 13.113768 13.214129 13.317824 13.425022 13.535898 13.650619 13.769356 13.892266 14.019511 14.151237 14.287589 14.428694 14.574677 14.725640 14.881682 15.042874 15.209282 15.380944 15.557887 15.740109 15.927595 16.120299 16.318163 16.521093 16.728983 16.941693 17.159068 17.380921 17.607049 17.837220 18.071186 18.308672 18.549389 18.793025 19.039257 19.287740 19.538121 19.790033 20.043103 20.296948 20.551181
10.629921 10.564584 10.499490 10.434882 10.370999 10.308076 10.246341 10.186018 10.127320 10.070453 10.015608 9.962972 9.912711 9.864985 9.819936 9.777695 9.738374 9.702077 9.668884 9.638870 9.612085 9.588573 9.568357 9.551452 9.537854 9.527551 9.520515 9.516709 9.516085 9.518585 9.524140 9.532679 9.544117 9.558368 9.575337 9.594929 9.617040 9.641569 9.668410 9.697457 9.728603 9.761744 9.796774 9.833592 9.872096 9.912192 9.953783 9.996782 10.041102 10.086664 10.133391 10.181214 10.230068 10.279894 10.330640 10.382260 10.434713 10.487966 10.541994 10.596775 10.652299 10.708558 10.765557 10.823304 10.881816 10.941119 11.001245 11.062236 11.124141 11.187017 11.250930 11.315955 11.382174 11.449680 11.518574 11.588962 11.660965 11.734707 11.810323 11.887956 11.967758 12.049883 12.134501 12.221780 12.311900 12.405043 12.501397 12.601152 12.704505 12.811648 12.922780 13.038094 13.157786 13.282043 13.411054 13.544992 13.684033 13.828333 13.978046 14.133304 14.294234 14.460937 14.633505 14.812004 14.996485 15.186970 15.383466 15.585947 15.794371 16.008660 16.228719 16.454416 16.685602 16.922092 17.163681 17.410130 17.661183 17.916550 18.175926 18.438976 18.705350 18.974674 19.246562 19.520608 19.796398 20.073503 20.351491 20.629921
10.708661 10.626072 10.543755 10.461982 10.381021 10.301135 10.222581 10.145606 10.070453 9.997348 9.926511 9.858143 9.792439 9.729572 9.669705 9.612980 9.559529 9.509460 9.462872 9.419839 9.380427 9.344677 9.312622 9.284271 9.259627 9.238670 9.221375 9.207695 9.197579 9.190961 9.187767 9.187912 9.191306 9.197848 9.207436 9.219959 9.235306 9.253359 9.274002 9.297114 9.322579 9.350277 9.380091 9.411906 9.445612 9.481098 9.518260 9.556997 9.597216 9.638823 9.681737 9.725877 9.771173 9.817556 9.864970 9.913362 9.962688 10.012910 10.063998 10.115931 10.168694 10.222282 10.276697 10.331950 10.388059 10.445054 10.502971 10.561856 10.621763 10.682758 10.744914 10.808315 10.873053 10.939231 11.006962 11.076367 11.147578 11.220737 11.295994 11.373509 11.453450 11.535994 11.621326 11.709639 11.801131 11.896008 11.994477 12.096757 12.203060 12.313610 12.428621 12.548318 12.672911 12.802619 12.937643 13.078188 13.224440 13.376584 13.534782 13.699193 13.869947 14.047170 14.230953 14.421379 14.618496 14.822340 15.032908 15.250181 15.474100 15.704590 15.941534 16.184795 16.434195 16.689537 16.950582 17.217072 17.488711 17.765184 18.046141 18.331213 18.620004 18.912100 19.207063 19.504444 19.803775 20.104581 20.406374 20.708661
10.787402 10.687817 10.588534 10.489852 10.392068 10.295473 10.200349 10.106973 10.015608 9.926511 9.839918 9.756058 9.675140 9.597360 9.522895 9.451907 9.384534 9.320904 9.261119 9.205268 9.153416 9.105617 9.061898 9.022279 8.986753 8.955308 8.927907 8.904506 8.885043 8.869449 8.857639 8.849522 8.844994 8.843949 8.846269 8.851837 8.860524 8.872204 8.886746 8.904021 8.923894 8.946236 8.970918 8.997813 9.026796 9.057749 9.090554 9.125101 9.161285 9.199005 9.238169 9.278689 9.320485 9.363485 9.407623 9.452843 9.499095 9.546337 9.594537 9.643670 9.693722 9.744685 9.796562 9.849365 9.903115 9.957843 10.013590 10.070407 10.128354 10.187502 10.247934 10.309741 10.373026 10.437902 10.504494 10.572935 10.643374 10.715963 10.790871 10.868274 10.948358 11.031318 11.117359 11.206693 11.299541 11.396127 11.496686 11.601451 11.710666 11.824569 11.943407 12.067417 12.196843 12.331915 12.472866 12.619912 12.773270 12.933133 13.099692 13.273109 13.453542 13.641115 13.835944 14.038108 14.247671 14.464661 14.689086 14.920914 15.160092 15.406525 15.660095 15.920640 16.187973 16.461867 16.742068 17.028281 17.320188 17.617431 17.919633 18.226380 18.537238 18.851745 19.169423 19.489771 19.812275 20.136408 20.461631 20.787402
10.866142 10.749843 10.633874 10.518562 10.404233 10.291203 10.179785 10.070277 9.962972 9.858143 9.756058 9.656959 9.561082 9.468635 9.379817 9.294799 9.213740 9.136772 9.064013 8.995555 8.931474 8.871824 8.816641 8.765939 8.719719 8.677959 8.640626 8.607667 8.579018 8.554599 8.534321 8.518081 8.505770 8.497267 8.492448 8.491178 8.493323 8.498741 8.507291 8.518828 8.533210 8.550292 8.569934 8.591995 8.616343 8.642843 8.671371 8.701804 8.734028 8.767932 8.803415 8.840382 8.878745 8.918424 8.959350 9.001457 9.044694 9.089013 9.134381 9.180769 9.228161 9.276551 9.325939 9.376341 9.427778 9.480284 9.533905 9.588695 9.644722 9.702062 9.760805 9.821051 9.882914 9.946516 10.011994 10.079495 10.149178 10.221215 10.295785 10.373084 10.453312 10.536687 10.623429 10.713773 10.807956 10.906229 11.008843 11.116059 11.228136 11.345343 11.467941 11.596198 11.730371 11.870722 12.017497 12.170941 12.331279 12.498736 12.673507 12.855782 13.045722 13.243476 13.449155 13.662860 13.884649 14.114563 14.352601 14.598739 14.852907 15.115013 15.384915 15.662449 15.947400 16.239529 16.538548 16.844146 17.155964 17.473621 17.796696 18.124742 18.457281 18.793812 19.133808 19.476724 19.821997 20.169051 20.517297 20.866142
10.944882 10.812171 10.679817 10.548177 10.417602 10.288436 10.161017 10.035671 9.912711 9.792439 9.675140 9.561082 9.450514 9.343669 9.240756 9.141967 9.047468 8.957409 8.871910 8.791078 8.714990 8.643709 8.577269 8.515692 8.458972 8.407091 8.360008 8.317670 8.280004 8.246927 8.218338 8.194130 8.174180 8.158362 8.146536 8.138561 8.134287 8.133565 8.136236 8.142149 8.151144 8.163069 8.177768 8.195094 8.214896 8.237034 8.261369 8.287771 8.316114 8.346280 8.378157 8.411643 8.446643 8.483071 8.520849 8.559910 8.600194 8.641653 8.684247 8.727949 8.772739 8.818609 8.865563 8.913615 8.962789 9.013123 9.064664 9.117473 9.171621 9.227193 9.284286 9.343008 9.403482 9.465841 9.530233 9.596817 9.665766 9.737265 9.811511 9.888712 9.969090 10.052876 10.140313 10.231650 10.327152 10.427082 10.531720 10.641341 10.756235 10.876683 11.002978 11.135402 11.274242 11.419771 11.572267 11.731985 11.899180 12.074084 12.256920 12.447883 12.647158 12.854893 13.071225 13.296248 13.530038 13.772627 14.024026 14.284197 14.553076 14.830551 15.116483 15.410677 15.712917 16.022928 16.340413 16.665021 16.996376 17.334054 17.677607 18.026544 18.380353 18.738486 19.100375 19.465429 19.833037 20.202574 20.573404 20.944882
11.023622 10.874821 10.726405 10.578756 10.432254 10.287269 10.144164 10.003289 9.864985 9.729572 9.597360 9.468635 9.343669 9.222708 9.105982 8.993691 8.886021 8.783126 8.685143 8.592180 8.504327 8.421644 8.344176 8.271937 8.204930 8.143129 8.086495 8.034965 7.988466 7.946904 7.910176 7.878160 7.850731 7.827745 7.809059 7.794516 7.783959 7.777221 7.774139 7.774543 7.778268 7.785144 7.795008 7.807696 7.823052 7.840920 7.861155 7.883613 7.908161 7.934670 7.963022 7.993105 8.024818 8.058067 8.092770 8.128852 8.166252 8.204915 8.244800 8.285877 8.328125 8.371535 8.416112 8.461869 8.508834 8.557047 8.606558 8.657433 8.709749 8.763597 8.819080 8.876317 8.935437 8.996585 9.059920 9.125613 9.193849 9.264829 9.338762 9.415876 9.496405 9.580602 9.668723 9.761042 9.857837 9.959400 10.066022 10.178009 10.295662 10.419294 10.549211 10.685724 10.829133 10.979744 11.137841 11.303713 11.477622 11.659828 11.850560 12.050040 12.258454 12.475975 12.702735 12.938851 13.184389 13.439400 13.703879 13.977800 14.261081 14.553615 14.855238 15.165756 15.484920 15.812451 16.148014 16.491245 16.841727 17.199015 17.562618 17.932017 18.306652 18.685941 19.069269 19.456001 19.845480 20.237035 20.629980 21.023622
11.102362 10.937811 10.773672 10.610355 10.448262 10.287793 10.129334 9.973261 9.819936 9.669705 9.522895 9.379817 9.240756 9.105982 8.975733 8.850231 8.729668 8.614215 8.504012 8.399181 8.299812 8.205975 8.117712 8.035046 7.957972 7.886468 7.820486 7.759968 7.704826 7.654968 7.610276 7.570627 7.535880 7.505889 7.480493 7.459530 7.442827 7.430213 7.421505 7.416528 7.415100 7.417044 7.422182 7.430342 7.441353 7.455054 7.471283 7.489891 7.510733 7.533674 7.558584 7.585346 7.613851 7.643999 7.675700 7.708878 7.743463 7.779401 7.816644 7.855162 7.894931 7.935944 7.978203 8.021725 8.066537 8.112683 8.160217 8.209209 8.259742 8.311911 8.365828 8.421619 8.479423 8.539395 8.601704 8.666532 8.734080 8.804558 8.878194 8.955227 9.035913 9.120515 9.209315 9.302598 9.400668 9.503828 9.612400 9.726701 9.847063 9.973809 10.107276 10.247788 10.395676 10.551253 10.714838 10.886726 11.067209 11.256552 11.455013 11.662817 11.880176 12.107260 12.344226 12.591182 12.848217 13.115366 13.392642 13.680001 13.977372 14.284623 14.601595 14.928066 15.263784 15.608437 15.961681 16.323113 16.692300 17.068756 17.451966 17.841365 18.236364 18.636333 19.040621 19.448546 19.859408 20.272487 20.687052 21.102362
11.181102 11.001159 10.821654 10.643021 10.465693 10.290090 10.116626 9.945699 9.777695 9.612980 9.451907 9.294799 9.141967 8.993691 8.850231 8.711817 8.578658 8.450931 8.328792 8.212362 8.101745 7.997008 7.898203 7.805347 7.718441 7.637456 7.562349 7.493047 7.429469 7.371505 7.319040 7.271935 7.230046 7.193213 7.161269 7.134038 7.111341 7.092988 7.078794 7.068564 7.062112 7.059243 7.059773 7.063516 7.070292 7.079927 7.092253 7.107108 7.124339 7.143801 7.165359 7.188886 7.214266 7.241393 7.270173 7.300522 7.332368 7.365652 7.400325 7.436352 7.473710 7.512390 7.552395 7.593742 7.636461 7.680598 7.726210 7.773372 7.822171 7.872710 7.925107 7.979495 8.036022 8.094854 8.156168 8.220161 8.287043 8.357040 8.430392 8.507357 8.588200 8.673208 8.762674 8.856908 8.956225 9.060957 9.171434 9.288005 9.411011 9.540808 9.677742 9.822168 9.974426 10.134863 10.303803 10.481573 10.668470 10.864791 11.070795 11.286734 11.512820 11.749250 11.996173 12.253720 12.521970 12.800978 13.090740 13.391225 13.702341 14.023966 14.355914 14.697964 15.049834 15.411206 15.781701 16.160904 16.548343 16.943513 17.345855 17.754778 18.169649 18.589806 19.014549 19.443160 19.874890 20.308978 20.744644 21.181102
11.259843 11.064878 10.870377 10.676800 10.484603 10.294233 10.106125 9.920704 9.738374 9.559529 9.384534 9.213740 9.047468 8.886021 8.729668 8.578658 8.433208 8.293510 8.159721 8.031980 7.910386 7.795021 7.685928 7.583137 7.486638 7.396411 7.312400 7.234538 7.162728 7.096866 7.036819 6.982448 6.933595 6.890095 6.851768 6.818432 6.789890 6.765949 6.746407 6.731064 6.719716 6.712163 6.708205 6.707648 6.710301 6.715981 6.724507 6.735711 6.749429 6.765509 6.783806 6.804187 6.826528 6.850720 6.876659 6.904260 6.933444 6.964150 6.996325 7.029933 7.064950 7.101365 7.139182 7.178418 7.219106 7.261293 7.305041 7.350428 7.397546 7.446505 7.497428 7.550457 7.605749 7.663477 7.723831 7.787018 7.853260 7.922796 7.995881 8.072783 8.153791 8.239200 8.329326 8.424490 8.525034 8.631299 8.743645 8.862429 8.988025 9.120796 9.261119 9.409360 9.565889 9.731060 9.905231 10.088731 10.281892 10.485009 10.698375 10.922239 11.156841 11.402373 11.659010 11.926874 12.206064 12.496622 12.798561 13.111831 13.436352 13.771977 14.118527 14.475752 14.843369 15.221027 15.608340 16.004855 16.410086 16.823486 17.244475 17.672420 18.106659 18.546483 18.991161 19.439926 19.891992 20.346550 20.802777 21.259843
11.338583 11.128981 10.919868 10.711729 10.505044 10.300283 10.097908 9.898362 9.702077 9.509460 9.320904 9.136772 8.957409 8.783126 8.614215 8.450931 8.293510 8.142146 7.997014 7.858250 7.725969 7.600247 7.481139 7.368667 7.262832 7.163600 7.070923 6.984722 6.904904 6.831348 6.763924 6.702478 6.646850 6.596860 6.552325 6.513045 6.478821 6.449442 6.424702 6.404383 6.388277 6.376168 6.367849 6.363113 6.361760 6.363596 6.368432 6.376089 6.386396 6.399191 6.414322 6.431649 6.451043 6.472385 6.495570 6.520504 6.547107 6.575312 6.605067 6.636330 6.669077 6.703297 6.738993 6.776185 6.814905 6.855205 6.897148 6.940817 6.986309 7.033739 7.083237 7.134954 7.189052 7.245716 7.305144 7.367556 7.433183 7.502280 7.575111 7.651965 7.733138 7.818947 7.909720 8.005801 8.107542 8.215311 8.329478 8.450429 8.578545 8.714221 8.857844 9.009808 9.170493 9.340283 9.519541 9.708630 9.907881 10.117624 10.338149 10.569735 10.812619 11.067018 11.333102 11.611014 11.900843 12.202649 12.516429 12.842148 13.179705 13.528961 13.889710 14.261708 14.644639 15.038150 15.441818 15.855182 16.277716 16.708858 17.147984 17.594439 18.047515 18.506477 18.970546 19.438920 19.910768 20.385240 20.861470 21.338583
11.417323 11.193479 10.970148 10.747840 10.527057 10.308296 10.092037 9.878751 9.668884 9.462872 9.261119 9.064013 8.871910 8.685143 8.504012 8.328792 8.159721 7.997014 7.840844 7.691364 7.548683 7.412893 7.284042 7.162161 7.047241 6.939259 6.838153 6.743849 6.656240 6.575210 6.500613 6.432295 6.370081 6.313789 6.263218 6.218167 6.178421 6.143765 6.113974 6.088828 6.068100 6.051571 6.039019 6.030229 6.024989 6.023097 6.024354 6.028573 6.035572 6.045184 6.057248 6.071617 6.088154 6.106736 6.127253 6.149605 6.173710 6.199495 6.226906 6.255901 6.286453 6.318550 6.352196 6.387410 6.424229 6.462704 6.502904 6.544913 6.588835 6.634789 6.682914 6.733363 6.786313 6.841951 6.900491 6.962157 7.027198 7.095876 7.168472 7.245284 7.326629 7.412834 7.504247 7.601223 7.704139 7.813373 7.929321 8.052378 8.182955 8.321456 8.468296 8.623878 8.788612 8.962889 9.147102 9.341618 9.546799 9.762975 9.990467 10.229551 10.480492 10.743502 11.018773 11.306442 11.606616 11.919343 12.244636 12.582442 12.932670 13.295160 13.669713 14.056053 14.453868 14.862771 15.282334 15.712058 16.151406 16.599775 17.056523 17.520952 17.992331 18.469877 18.952783 19.440202 19.931265 20.425080 20.920739 21.417323
11.496063 11.258381 11.021236 10.785159 10.550680 10.318314 10.088568 9.861929 9.638870 9.419839 9.205268 8.995555 8.791078 8.592180 8.399181 8.212362 8.031980 7.858250 7.691364 7.531470 7.378695 7.233122 7.094814 6.963791 6.840057 6.723573 6.614289 6.512114 6.416949 6.328661 6.247106 6.172116 6.103515 6.041104 5.984683 5.934033 5.888935 5.849158 5.814474 5.784645 5.759441 5.738627 5.721975 5.709257 5.700254 5.694752 5.692545 5.693434 5.697234 5.703764 5.712861 5.724368 5.738144 5.754058 5.771996 5.791853 5.813543 5.836991 5.862139 5.888943 5.917375 5.947423 5.979090 6.012397 6.047381 6.084097 6.122615 6.163025 6.205434 6.249967 6.296768 6.346001 6.397844 6.452499 6.510185 6.571140 6.635620 6.703903 6.776279 6.853063 6.934580 7.021180 7.113219 7.211077 7.315137 7.425804 7.543483 7.668597 7.801564 7.942817 8.092780 8.251884 8.420546 8.599187 8.788205 8.987998 9.198928 9.421358 9.655603 9.901973 10.160724 10.432097 10.716275 11.013418 11.323621 11.646951 11.983405 12.332944 12.695456 13.070792 13.458724 13.858984 14.271228 14.695067 15.130038 15.575636 16.031285 16.496367 16.970201 17.452067 17.941191 18.436764 18.937935 19.443825 19.953522 20.466096 20.980596 21.496063
11.574803 11.323694 11.073144 10.823709 10.575939 10.330374 10.087539 9.847946 9.612085 9.380427 9.153416 8.931474 8.714990 8.504327 8.299812 8.101745 7.910386 7.725969 7.548683 7.378695 7.216125 7.061070 6.913586 6.773705 6.641418 6.516698 6.399480 6.289682 6.187188 6.091869 6.003569 5.922118 5.847325 5.778992 5.716900 5.660831 5.610547 5.565816 5.526392 5.492035 5.462497 5.437540 5.416920 5.400405 5.387762 5.378771 5.373214 5.370888 5.371595 5.375151 5.381381 5.390126 5.401236 5.414576 5.430024 5.447475 5.466836 5.488031 5.510996 5.535689 5.562078 5.590151 5.619912 5.651382 5.684600 5.719622 5.756523 5.795394 5.836349 5.879516 5.925047 5.973110 6.023894 6.077606 6.134477 6.194751 6.258700 6.326608 6.398783 6.475546 6.557244 6.644233 6.736892 6.835608 6.940790 7.052849 7.172218 7.299327 7.434622 7.578543 7.731542 7.894058 8.066538 8.249407 8.443092 8.647993 8.864506 9.092988 9.333788 9.587209 9.853538 10.133005 10.425822 10.732135 11.052062 11.385654 11.732927 12.093822 12.468241 12.856009 13.256909 13.670642 14.096867 14.535163 14.985063 15.446027 15.917468 16.398728 16.889112 17.387858 17.894169 18.407195 18.926056 19.449829 19.977571 20.508307 21.041052 21.574803
11.653543 11.389422 11.125883 10.863504 10.602856 10.344500 10.088984 9.836837 9.588573 9.344677 9.105617 8.871824 8.643709 8.421644 8.205975 7.997008 7.795021 7.600247 7.412893 7.233122 7.061070 6.896828 6.740463 6.591999 6.451437 6.318738 6.193845 6.076662 5.967079 5.864953 5.770129 5.682423 5.601644 5.527578 5.460007 5.398693 5.343400 5.293876 5.249874 5.211138 5.177416 5.148454 5.124005 5.103821 5.087666 5.075306 5.066519 5.061089 5.058815 5.059502 5.062970 5.069052 5.077593 5.088452 5.101504 5.116637 5.133757 5.152781 5.173648 5.196309 5.220733 5.246908 5.274836 5.304541 5.336062 5.369457 5.404804 5.442199 5.481758 5.523616 5.567929 5.614872 5.664641 5.717454 5.773545 5.833175 5.896619 5.964177 6.036165 6.112922 6.194801 6.282180 6.375444 6.475004 6.581275 6.694695 6.815702 6.944753 7.082303 7.228817 7.384756 7.550586 7.726758 7.913728 8.111926 8.321781 8.543690 8.778039 9.025175 9.285429 9.559081 9.846389 10.147554 10.462747 10.792072 11.135600 11.493328 11.865216 12.251141 12.650942 13.064373 13.491143 13.930880 14.383163 14.847493 15.323321 15.810025 16.306935 16.813316 17.328388 17.851313 18.381217 18.917178 19.458245 20.003431 20.551730 21.102114 21.653543
11.732283 11.455570 11.179461 10.904554 10.631442 10.360709 10.092919 9.828626 9.568357 9.312622 9.061898 8.816641 8.577269 8.344176 8.117712 7.898203 7.685928 7.481139 7.284042 7.094814 6.913586 6.740463 6.575505 6.418746 6.270177 6.129769 5.997451 5.873134 5.756695 5.647995 5.546862 5.453117 5.366551 5.286952 5.214085 5.147711 5.087578 5.033432 4.985009 4.942050 4.904289 4.871467 4.843323 4.819605 4.800063 4.784459 4.772558 4.764141 4.758995 4.756920 4.757730 4.761250 4.767319 4.775794 4.786541 4.799447 4.814412 4.831353 4.850202 4.870913 4.893451 4.917803 4.943974 4.971985 5.001879 5.033715 5.067573 5.103554 5.141777 5.182381 5.225530 5.271403 5.320205 5.372158 5.427510 5.486526 5.549495 5.616724 5.688545 5.765304 5.847372 5.935134 6.028996 6.129377 6.236714 6.351453 6.474056 6.604988 6.744728 6.893750 7.052541 7.221572 7.401325 7.592255 7.794826 8.009464 8.236597 8.476610 8.729878 8.996726 9.277463 9.572339 9.881577 10.205339 10.543751 10.896867 11.264703 11.647198 12.044245 12.455657 12.881198 13.320549 13.773342 14.239124 14.717393 15.207567 15.709014 16.221029 16.742860 17.273689 17.812659 18.358855 18.911329 19.469089 20.031119 20.596373 21.163787 21.732283
11.811024 11.522139 11.233879 10.946863 10.661706 10.379007 10.099356 9.823321 9.551452 9.284271 9.022279 8.765939 8.515692 8.271937 8.035046 7.805347 7.583137 7.368667 7.162161 6.963791 6.773705 6.591999 6.418746 6.253971 6.097675 5.949818 5.810336 5.679129 5.556076 5.441026 5.333810 5.234233 5.142090 5.057150 4.979178 4.907922 4.843126 4.784521 4.731841 4.684812 4.643163 4.606621 4.574922 4.547800 4.525001 4.506273 4.491380 4.480088 4.472182 4.467453 4.465709 4.466767 4.470465 4.476649 4.485185 4.495954 4.508852 4.523794 4.540711 4.559551 4.580282 4.602889 4.627376 4.653767 4.682103 4.712447 4.744882 4.779511 4.816456 4.855865 4.897902 4.942756 4.990636 5.041774 5.096424 5.154861 5.217382 5.284307 5.355976 5.432750 5.515008 5.603153 5.697600 5.798786 5.907158 6.023182 6.147330 6.280089 6.421946 6.573401 6.734945 6.907078 7.090283 7.285048 7.491834 7.711100 7.943270 8.188758 8.447936 8.721157 9.008722 9.310908 9.627927 9.959965 10.307133 10.669506 11.047083 11.439817 11.847581 12.270199 12.707410 13.158902 13.624275 14.103081 14.594784 15.098796 15.614452 16.141036 16.677758 17.223785 17.778219 18.340125 18.908516 19.482373 20.060641 20.642241 21.226072 21.811024
11.889764 11.589129 11.289138 10.990432 10.693644 10.399395 10.108292 9.820924 9.537854 9.259627 8.986753 8.719719 8.458972 8.204930 7.957972 7.718441 7.486638 7.262832 7.047241 6.840057 6.641418 6.451437 6.270177 6.097675 5.933923 5.778887 5.632493 5.494645 5.365213 5.244046 5.130964 5.025772 4.928250 4.838169 4.755279 4.679325 4.610036 4.547143 4.490363 4.439420 4.394029 4.353913 4.318794 4.288402 4.262471 4.240745 4.222975 4.208926 4.198370 4.191095 4.186900 4.185600 4.187022 4.191012 4.197430 4.206151 4.217071 4.230100 4.245166 4.262218 4.281221 4.302159 4.325037 4.349879 4.376727 4.405647 4.436724 4.470063 4.505792 4.544061 4.585041 4.628925 4.675930 4.726294 4.780280 4.838171 4.900274 4.966917 5.038452 5.115250 5.197706 5.286228 5.381252 5.483221 5.592603 5.709872 5.835521 5.970045 6.113955 6.267756 6.431966 6.607089 6.793635 6.992093 7.202954 7.426675 7.663709 7.914469 8.179352 8.458707 8.752862 9.062082 9.386608 9.726610 10.082223 10.453504 10.840472 11.243059 11.661154 12.094556 12.543013 13.006188 13.483685 13.975024 14.479669 14.997000 15.526344 16.066949 16.618014 17.178667 17.747996 18.325024 18.908742 19.498094 20.091996 20.689332 21.288971 21.889764
11.968504 11.656537 11.345233 11.035254 10.727251 10.421863 10.119718 9.821419 9.527551 9.238670 8.955308 8.677959 8.407091 8.143129 7.886468 7.637456 7.396411 7.163600 6.939259 6.723573 6.516698 6.318738 6.129769 5.949818 5.778887 5.616931 5.463884 5.319639 5.184068 5.057009 4.938284 4.827685 4.724991 4.629961 4.542342 4.461867 4.388262 4.321244 4.260528 4.205821 4.156838 4.113288 4.074887 4.041355 4.012421 3.987818 3.967293 3.950599 3.937505 3.927790 3.921249 3.917689 3.916935 3.918825 3.923216 3.929981 3.939009 3.950210 3.963509 3.978853 3.996206 4.015552 4.036895 4.060260 4.085690 4.113254 4.143037 4.175149 4.209720 4.246906 4.286881 4.329846 4.376021 4.425655 4.479014 4.536393 4.598105 4.664490 4.735908 4.812743 4.895397 4.984298 5.079884 5.182621 5.292982 5.411462 5.538562 5.674798 5.820687 5.976760 6.143537 6.321550 6.511310 6.713335 6.928115 7.156136 7.397848 7.653692 7.924061 8.209329 8.509817 8.825817 9.157557 9.505232 9.868960 10.248821 10.644813 11.056888 11.484911 11.928693 12.387959 12.862378 13.351526 13.854925 14.372009 14.902154 15.444654 15.998747 16.563598 17.138322 17.721966 18.313538 18.911991 19.516244 20.125176 20.737644 21.352480 21.968504
12.047244 11.724360 11.402159 11.081320 10.762512 10.446396 10.133612 9.824786 9.520515 9.221375 8.927907 8.640626 8.360008 8.086495 7.820486 7.562349 7.312400 7.070923 6.838153 6.614289 6.399480 6.193845 5.997451 5.810336 5.632493 5.463884 5.304434 5.154039 5.012560 4.879840 4.755685 4.639891 4.532224 4.432442 4.340278 4.255463 4.177711 4.106736 4.042238 3.983924 3.931493 3.884651 3.843103 3.806564 3.774751 3.747394 3.724228 3.705004 3.689480 3.677433 3.668648 3.662929 3.660095 3.659980 3.662436 3.667333 3.674557 3.684014 3.695629 3.709345 3.725126 3.742955 3.762837 3.784795 3.808878 3.835151 3.863704 3.894650 3.928124 3.964282 4.003306 4.045400 4.090793 4.139736 4.192508 4.249406 4.310757 4.376905 4.448225 4.525106 4.607966 4.697237 4.793380 4.896862 5.008178 5.127829 5.256337 5.394223 5.542029 5.700288 5.869547 6.050338 6.243202 6.448655 6.667214 6.899365 7.145586 7.406312 7.681963 7.972909 8.279495 8.602003 8.940686 9.295725 9.667261 10.055357 10.460029 10.881210 11.318778 11.772524 12.242182 12.727392 13.227739 13.742715 14.271752 14.814197 15.369337 15.936378 16.514474 17.102704 17.700101 18.305636 18.918241 19.536800 20.160167 20.787164 21.416594 22.047244
12.125984 11.792594 11.459906 11.128615 10.799410 10.472968 10.149948 9.830990 9.516709 9.207695 8.904506 8.607667 8.317670 8.034965 7.759968 7.493047 7.234538 6.984722 6.743849 6.512114 6.289682 6.076662 5.873134 5.679129 5.494645 5.319639 5.154039 4.997731 4.850582 4.712419 4.583055 4.462270 4.349832 4.245485 4.148963 4.059983 3.978257 3.903484 3.835364 3.773590 3.717859 3.667862 3.623303 3.583884 3.549319 3.519326 3.493637 3.471993 3.454150 3.439874 3.428948 3.421168 3.416350 3.414323 3.414935 3.418051 3.423557 3.431354 3.441365 3.453532 3.467818 3.484205 3.502699 3.523322 3.546124 3.571173 3.598561 3.628402 3.660835 3.696021 3.734146 3.775419 3.820074 3.868370 3.920590 3.977042 4.038057 4.103994 4.175229 4.252169 4.335236 4.424879 4.521563 4.625776 4.738017 4.858807 4.988672 5.128157 5.277807 5.438179 5.609822 5.793295 5.989138 6.197895 6.420082 6.656211 6.906757 7.172181 7.452899 7.749307 8.061739 8.390505 8.735845 9.097962 9.476983 9.872991 10.285985 10.715912 11.162632 11.625946 12.105565 12.601137 13.112220 13.638308 14.178805 14.733056 15.300315 15.879782 16.470576 17.071765 17.682348 18.301279 18.927455 19.559737 20.196947 20.837880 21.481307 22.125984
12.204724 11.861233 11.518461 11.177121 10.837919 10.501550 10.168687 9.839989 9.516085 9.197579 8.885043 8.579018 8.280004 7.988466 7.704826 7.429469 7.162728 6.904904 6.656240 6.416949 6.187188 5.967079 5.756695 5.556076 5.365213 5.184068 5.012560 4.850582 4.697986 4.554606 4.420240 4.294672 4.177656 4.068936 3.968234 3.875265 3.789729 3.711322 3.639733 3.574650 3.515758 3.462746 3.415306 3.373136 3.335939 3.303430 3.275332 3.251381 3.231323 3.214922 3.201954 3.192212 3.185504 3.181657 3.180513 3.181937 3.185807 3.192026 3.200514 3.211210 3.224077 3.239097 3.256273 3.275631 3.297220 3.321109 3.347394 3.376191 3.407641 3.441909 3.479186 3.519685 3.563648 3.611336 3.663042 3.719079 3.779788 3.845532 3.916703 3.993709 4.076991 4.167000 4.264219 4.369140 4.482283 4.604171 4.735353 4.876377 5.027810 5.190212 5.364156 5.550202 5.748917 5.960842 6.186521 6.426462 6.681167 6.951094 7.236683 7.538321 7.856371 8.191130 8.542862 8.911757 9.297964 9.701549 10.122529 10.560832 11.016331 11.488807 11.977980 12.483474 13.004852 13.541581 14.093067 14.658621 15.237498 15.828864 16.431830 17.045431 17.668651 18.300411 18.939591 19.585018 20.235491 20.889773 21.546609 22.204724
12.283465 11.930269 11.577809 11.226816 10.878011 10.532104 10.189788 9.851732 9.518585 9.190961 8.869449 8.554599 8.246927 7.946904 7.654968 7.371505 7.096866 6.831348 6.575210 6.328661 6.091869 5.864953 5.647995 5.441026 5.244046 5.057009 4.879840 4.712419 4.554606 4.406220 4.267066 4.136911 4.015513 3.902602 3.797901 3.701111 3.611932 3.530047 3.455141 3.386892 3.324982 3.269088 3.218899 3.174101 3.134394 3.099484 3.069089 3.042937 3.020772 3.002347 2.987436 2.975826 2.967321 2.961743 2.958932 2.958747 2.961067 2.965789 2.972831 2.982134 2.993656 3.007380 3.023309 3.041470 3.061911 3.084706 3.109948 3.137760 3.168283 3.201687 3.238167 3.277940 3.321253 3.368375 3.419601 3.475256 3.535684 3.601260 3.672380 3.749466 3.832963 3.923338 4.021079 4.126695 4.240709 4.363665 4.496115 4.638628 4.791773 4.956134 5.132286 5.320812 5.522278 5.737252 5.966275 6.209881 6.468569 6.742820 7.033070 7.339731 7.663156 8.003666 8.361513 8.736910 9.129991 9.540840 9.969458 10.415790 10.879687 11.360943 11.859255 12.374255 12.905480 13.452402 14.014397 14.590779 15.180768 15.783528 16.398138 17.023621 17.658931 18.302972 18.954593 19.612602 20.275765 20.942823 21.612490 22.283465
12.362205 11.999694 11.637934 11.277674 10.919651 10.564590 10.213198 9.866162 9.524140 9.187767 8.857639 8.534321 8.218338 7.910176 7.610276 7.319040 7.036819 6.763924 6.500613 6.247106 6.003569 5.770129 5.546862 5.333810 5.130964 4.938284 4.755685 4.583055 4.420240 4.267066 4.123321 3.988779 3.863184 3.746268 3.637738 3.537298 3.444633 3.359426 3.281350 3.210080 3.145287 3.086645 3.033830 2.986529 2.944429 2.907233 2.874650 2.846404 2.822232 2.801884 2.785126 2.771741 2.761530 2.754310 2.749917 2.748208 2.749057 2.752360 2.758035 2.766018 2.776268 2.788767 2.803518 2.820549 2.839908 2.861669 2.885930 2.912813 2.942465 2.975057 3.010789 3.049883 3.092589 3.139182 3.189966 3.245268 3.305443 3.370871 3.441957 3.519132 3.602850 3.693586 3.791842 3.898131 4.012995 4.136980 4.270659 4.414603 4.569402 4.735643 4.913922 5.104823 5.308937 5.526829 5.759066 6.006179 6.268690 6.547077 6.841800 7.153262 7.481841 7.827848 8.191557 8.573168 8.972834 9.390626 9.826560 10.280563 10.752502 11.242147 11.749207 12.273290 12.813940 13.370601 13.942653 14.529380 15.130001 15.743649 16.369395 17.006234 17.653106 18.308885 18.972403 19.642437 20.317734 20.997004 21.678937 22.362205
12.440945 12.069497 11.698817 11.329667 10.962801 10.598958 10.238861 9.883210 9.532679 9.187912 8.849522 8.518081 8.194130 7.878160 7.570627 7.271935 6.982448 6.702478 6.432295 6.172116 5.922118 5.682423 5.453117 5.234233 5.025772 4.827685 4.639891 4.462270 4.294672 4.136911 3.988779 3.850039 3.720434 3.599684 3.487499 3.383568 3.287577 3.199196 3.118098 3.043944 2.976402 2.915139 2.859825 2.810137 2.765760 2.726388 2.691725 2.661489 2.635410 2.613235 2.594724 2.579656 2.567827 2.559050 2.553159 2.550006 2.549465 2.551427 2.555808 2.562545 2.571594 2.582937 2.596578 2.612543 2.630882 2.651672 2.675010 2.701021 2.729855 2.761687 2.796719 2.835178 2.877319 2.923423 2.973798 3.028778 3.088724 3.154026 3.225093 3.302368 3.386309 3.477406 3.576164 3.683113 3.798798 3.923783 4.058644 4.203971 4.360357 4.528410 4.708727 4.901914 5.108561 5.329258 5.564568 5.815047 6.081212 6.363566 6.662561 6.978626 7.312127 7.663400 8.032707 8.420267 8.826221 9.250658 9.693577 10.154920 10.634535 11.132205 11.647616 12.180385 12.730032 13.296005 13.877657 14.474273 15.085044 15.709098 16.345477 16.993167 17.651078 18.318072 18.992949 19.674471 20.361354 21.052289 21.745936 22.440945
